The stabiliser of the standard cell m2 is a group of size 24.
Its elements are:
Any[[1 0 0; 0 1 0; 0 0 1], [-1 0 0; 0 -1 0; 0 0 1], [-1 0 0; 0 1 0; 0 0 -1], [1 0 0; 0 -1 0; 0 0 -1], [-1 0 0; 0 0 1; 0 1 0], [1 0 0; 0 0 -1; 0 1 0], [1 0 0; 0 0 1; 0 -1 0], [-1 0 0; 0 0 -1; 0 -1 0], [0 -1 0; 1 0 0; 0 0 1], [0 1 0; -1 0 0; 0 0 1], [0 1 0; 1 0 0; 0 0 -1], [0 -1 0; -1 0 0; 0 0 -1], [0 1 0; 0 0 1; 1 0 0], [0 -1 0; 0 0 -1; 1 0 0], [0 -1 0; 0 0 1; -1 0 0], [0 1 0; 0 0 -1; -1 0 0], [0 0 1; 1 0 0; 0 1 0], [0 0 -1; -1 0 0; 0 1 0], [0 0 -1; 1 0 0; 0 -1 0], [0 0 1; -1 0 0; 0 -1 0], [0 0 -1; 0 1 0; 1 0 0], [0 0 1; 0 -1 0; 1 0 0], [0 0 1; 0 1 0; -1 0 0], [0 0 -1; 0 -1 0; -1 0 0]]

The stabiliser of the standard cell m3_1 is a group of size 12.
Its elements are:
Any[[1 0 0; 0 1 0; 0 0 1], [-1 0 0; 0 -1 0; 0 0 1], [-1 0 0; 1 1 0; 0 0 -1], [1 0 0; -1 -1 0; 0 0 -1], [0 1 0; 1 0 0; 0 0 -1], [0 -1 0; -1 0 0; 0 0 -1], [0 -1 0; 1 1 0; 0 0 1], [0 1 0; -1 -1 0; 0 0 1], [-1 -1 0; 1 0 0; 0 0 1], [1 1 0; -1 0 0; 0 0 1], [-1 -1 0; 0 1 0; 0 0 -1], [1 1 0; 0 -1 0; 0 0 -1]]

The stabiliser of the standard cell m3_2 is a group of size 24.
Its elements are:
Any[[1 0 0; 0 1 0; 0 0 1], [-1 0 0; 0 -1 0; 1 1 1], [-1 0 0; 0 0 -1; 0 -1 0], [1 0 0; 0 0 1; -1 -1 -1], [1 0 0; -1 -1 -1; 0 1 0], [-1 0 0; 1 1 1; 0 0 -1], [0 -1 0; -1 0 0; 0 0 -1], [0 1 0; 1 0 0; -1 -1 -1], [0 1 0; 0 0 1; 1 0 0], [0 -1 0; 0 0 -1; 1 1 1], [0 -1 0; 1 1 1; -1 0 0], [0 1 0; -1 -1 -1; 0 0 1], [0 0 1; 1 0 0; 0 1 0], [0 0 -1; -1 0 0; 1 1 1], [0 0 -1; 0 -1 0; -1 0 0], [0 0 1; 0 1 0; -1 -1 -1], [0 0 1; -1 -1 -1; 1 0 0], [0 0 -1; 1 1 1; 0 -1 0], [1 1 1; -1 0 0; 0 -1 0], [-1 -1 -1; 1 0 0; 0 0 1], [-1 -1 -1; 0 1 0; 1 0 0], [1 1 1; 0 -1 0; 0 0 -1], [1 1 1; 0 0 -1; -1 0 0], [-1 -1 -1; 0 0 1; 0 1 0]]

The stabiliser of the standard cell m4 is a group of size 8.
Its elements are:
Any[[1 0 0; 0 1 0; 0 0 1], [-1 0 0; 0 -1 0; 1 0 1], [-1 0 0; 0 0 -1; 0 -1 0], [1 0 0; 0 0 1; -1 -1 0], [-1 0 0; 1 1 0; 0 0 -1], [1 0 0; -1 -1 0; -1 0 -1], [1 0 0; -1 0 -1; 0 1 0], [-1 0 0; 1 0 1; 1 1 0]]

The stabiliser of the standard cell m5 is a group of size 24.
Its elements are:
Any[[1 0 0; 0 1 0; 0 0 1], [-1 0 0; 0 0 -1; 0 -1 0], [1 0 0; -1 -1 0; -1 0 -1], [-1 0 0; 1 0 1; 1 1 0], [0 1 0; 1 0 0; -1 -1 -1], [0 1 0; -1 -1 0; 1 0 1], [0 -1 0; -1 0 -1; 1 1 0], [0 -1 0; 1 1 1; -1 0 0], [0 0 -1; -1 0 0; 1 1 1], [0 0 1; 1 1 0; -1 0 -1], [0 0 -1; 1 0 1; -1 -1 0], [0 0 1; -1 -1 -1; 1 0 0], [-1 -1 0; 1 0 0; 1 1 1], [-1 -1 0; 0 1 0; 0 0 -1], [1 1 0; 0 0 1; 0 -1 0], [1 1 0; -1 -1 -1; -1 0 0], [1 0 1; -1 0 0; -1 -1 -1], [-1 0 -1; 0 -1 0; 0 0 1], [1 0 1; 0 0 -1; 0 1 0], [-1 0 -1; 1 1 1; 1 0 0], [1 1 1; 0 -1 0; 0 0 -1], [-1 -1 -1; 0 0 1; 0 1 0], [-1 -1 -1; 1 1 0; 1 0 1], [1 1 1; -1 0 -1; -1 -1 0]]

